0	0

1e-06	0.0627905

2e-06	0.125333

3e-06	0.187381

4e-06	0.24869

5e-06	0.309017

6e-06	0.368125

7e-06	0.425779

8e-06	0.481754

9e-06	0.535827

1e-05	0.587785

1.1e-05	0.637424

1.2e-05	0.684547

1.3e-05	0.728969

1.4e-05	0.770513

1.5e-05	0.809017

1.6e-05	0.844328

1.7e-05	0.876307

1.8e-05	0.904827

1.9e-05	0.929776

2e-05	0.951057

2.1e-05	0.968583

2.2e-05	0.982287

2.3e-05	0.992115

2.4e-05	0.998027

2.5e-05	1

2.6e-05	0.998027

2.7e-05	0.992115

2.8e-05	0.982287

2.9e-05	0.968583

3e-05	0.951057

3.1e-05	0.929776

3.2e-05	0.904827

3.3e-05	0.876307

3.4e-05	0.844328

3.5e-05	0.809017

3.6e-05	0.770513

3.7e-05	0.728969

3.8e-05	0.684547

3.9e-05	0.637424

4e-05	0.587785

4.1e-05	0.535827

4.2e-05	0.481754

4.3e-05	0.425779

4.4e-05	0.368125

4.5e-05	0.309017

4.6e-05	0.24869

4.7e-05	0.187381

4.8e-05	0.125333

4.9e-05	0.0627905

5e-05	5.66554e-16

5.1e-05	-0.0627905

5.2e-05	-0.125333

5.3e-05	-0.187381

5.4e-05	-0.24869

5.5e-05	-0.309017

5.6e-05	-0.368125

5.7e-05	-0.425779

5.8e-05	-0.481754

5.9e-05	-0.535827

6e-05	-0.587785

6.1e-05	-0.637424

6.2e-05	-0.684547

6.3e-05	-0.728969

6.4e-05	-0.770513

6.5e-05	-0.809017

6.6e-05	-0.844328

6.7e-05	-0.876307

6.8e-05	-0.904827

6.9e-05	-0.929776

7e-05	-0.951057

7.1e-05	-0.968583

7.2e-05	-0.982287

7.3e-05	-0.992115

7.4e-05	-0.998027

7.5e-05	-1

7.6e-05	-0.998027

7.7e-05	-0.992115

7.8e-05	-0.982287

7.9e-05	-0.968583

8e-05	-0.951057

8.1e-05	-0.929776

8.2e-05	-0.904827

8.3e-05	-0.876307

8.4e-05	-0.844328

8.5e-05	-0.809017

8.6e-05	-0.770513

8.7e-05	-0.728969

8.8e-05	-0.684547

8.9e-05	-0.637424

9e-05	-0.587785

9.1e-05	-0.535827

9.2e-05	-0.481754

9.3e-05	-0.425779

9.4e-05	-0.368125

9.5e-05	-0.309017

9.6e-05	-0.24869

9.7e-05	-0.187381

9.8e-05	-0.125333

9.9e-05	-0.0627905

0.0001	-1.13311e-15

0.000101	0.0627905

0.000102	0.125333

0.000103	0.187381

0.000104	0.24869

0.000105	0.309017

0.000106	0.368125

0.000107	0.425779

0.000108	0.481754

0.000109	0.535827

0.00011	0.587785

0.000111	0.637424

0.000112	0.684547

0.000113	0.728969

0.000114	0.770513

0.000115	0.809017

0.000116	0.844328

0.000117	0.876307

0.000118	0.904827

0.000119	0.929776

0.00012	0.951057

0.000121	0.968583

0.000122	0.982287

0.000123	0.992115

0.000124	0.998027

0.000125	1

0.000126	0.998027

0.000127	0.992115

0.000128	0.982287

0.000129	0.968583

0.00013	0.951057

0.000131	0.929776

0.000132	0.904827

0.000133	0.876307

0.000134	0.844328

0.000135	0.809017

0.000136	0.770513

0.000137	0.728969

0.000138	0.684547

0.000139	0.637424

0.00014	0.587785

0.000141	0.535827

0.000142	0.481754

0.000143	0.425779

0.000144	0.368125

0.000145	0.309017

0.000146	0.24869

0.000147	0.187381

0.000148	0.125333

0.000149	0.0627905

0.00015	2.14375e-15

0.000151	-0.0627905

0.000152	-0.125333

0.000153	-0.187381

0.000154	-0.24869

0.000155	-0.309017

0.000156	-0.368125

0.000157	-0.425779

0.000158	-0.481754

0.000159	-0.535827

0.00016	-0.587785

0.000161	-0.637424

0.000162	-0.684547

0.000163	-0.728969

0.000164	-0.770513

0.000165	-0.809017

0.000166	-0.844328

0.000167	-0.876307

0.000168	-0.904827

0.000169	-0.929776

0.00017	-0.951057

0.000171	-0.968583

0.000172	-0.982287

0.000173	-0.992115

0.000174	-0.998027

0.000175	-1

0.000176	-0.998027

0.000177	-0.992115

0.000178	-0.982287

0.000179	-0.968583

0.00018	-0.951057

0.000181	-0.929776

0.000182	-0.904827

0.000183	-0.876307

0.000184	-0.844328

0.000185	-0.809017

0.000186	-0.770513

0.000187	-0.728969

0.000188	-0.684547

0.000189	-0.637424

0.00019	-0.587785

0.000191	-0.535827

0.000192	-0.481754

0.000193	-0.425779

0.000194	-0.368125

0.000195	-0.309017

0.000196	-0.24869

0.000197	-0.187381

0.000198	-0.125333

0.000199	-0.0627905

0.0002	-2.26622e-15

0.000201	0.0627905

0.000202	0.125333

0.000203	0.187381

0.000204	0.24869

0.000205	0.309017

0.000206	0.368125

0.000207	0.425779

0.000208	0.481754

0.000209	0.535827

0.00021	0.587785

0.000211	0.637424

0.000212	0.684547

0.000213	0.728969

0.000214	0.770513

0.000215	0.809017

0.000216	0.844328

0.000217	0.876307

0.000218	0.904827

0.000219	0.929776

0.00022	0.951057

0.000221	0.968583

0.000222	0.982287

0.000223	0.992115

0.000224	0.998027

0.000225	1

0.000226	0.998027

0.000227	0.992115

0.000228	0.982287

0.000229	0.968583

0.00023	0.951057

0.000231	0.929776

0.000232	0.904827

0.000233	0.876307

0.000234	0.844328

0.000235	0.809017

0.000236	0.770513

0.000237	0.728969

0.000238	0.684547

0.000239	0.637424

0.00024	0.587785

0.000241	0.535827

0.000242	0.481754

0.000243	0.425779

0.000244	0.368125

0.000245	0.309017

0.000246	0.24869

0.000247	0.187381

0.000248	0.125333

0.000249	0.0627905

0.00025	6.12323e-16

0.000251	-0.0627905

0.000252	-0.125333

0.000253	-0.187381

0.000254	-0.24869

0.000255	-0.309017

0.000256	-0.368125

0.000257	-0.425779

0.000258	-0.481754

0.000259	-0.535827

0.00026	-0.587785

0.000261	-0.637424

0.000262	-0.684547

0.000263	-0.728969

0.000264	-0.770513

0.000265	-0.809017

0.000266	-0.844328

0.000267	-0.876307

0.000268	-0.904827

0.000269	-0.929776

0.00027	-0.951057

0.000271	-0.968583

0.000272	-0.982287

0.000273	-0.992115

0.000274	-0.998027

0.000275	-1

0.000276	-0.998027

0.000277	-0.992115

0.000278	-0.982287

0.000279	-0.968583

0.00028	-0.951057

0.000281	-0.929776

0.000282	-0.904827

0.000283	-0.876307

0.000284	-0.844328

0.000285	-0.809017

0.000286	-0.770513

0.000287	-0.728969

0.000288	-0.684547

0.000289	-0.637424

0.00029	-0.587785

0.000291	-0.535827

0.000292	-0.481754

0.000293	-0.425779

0.000294	-0.368125

0.000295	-0.309017

0.000296	-0.24869

0.000297	-0.187381

0.000298	-0.125333

0.000299	-0.0627905

0.0003	-4.2875e-15

0.000301	0.0627905

0.000302	0.125333

0.000303	0.187381

0.000304	0.24869

0.000305	0.309017

0.000306	0.368125

0.000307	0.425779

0.000308	0.481754

0.000309	0.535827

0.00031	0.587785

0.000311	0.637424

0.000312	0.684547

0.000313	0.728969

0.000314	0.770513

0.000315	0.809017

0.000316	0.844328

0.000317	0.876307

0.000318	0.904827

0.000319	0.929776

0.00032	0.951057

0.000321	0.968583

0.000322	0.982287

0.000323	0.992115

0.000324	0.998027

0.000325	1

0.000326	0.998027

0.000327	0.992115

0.000328	0.982287

0.000329	0.968583

0.00033	0.951057

0.000331	0.929776

0.000332	0.904827

0.000333	0.876307

0.000334	0.844328

0.000335	0.809017

0.000336	0.770513

0.000337	0.728969

0.000338	0.684547

0.000339	0.637424

0.00034	0.587785

0.000341	0.535827

0.000342	0.481754

0.000343	0.425779

0.000344	0.368125

0.000345	0.309017

0.000346	0.24869

0.000347	0.187381

0.000348	0.125333

0.000349	0.0627905

0.00035	8.57253e-16

0.000351	-0.0627905

0.000352	-0.125333

0.000353	-0.187381

0.000354	-0.24869

0.000355	-0.309017

0.000356	-0.368125

0.000357	-0.425779

0.000358	-0.481754

0.000359	-0.535827

0.00036	-0.587785

0.000361	-0.637424

0.000362	-0.684547

0.000363	-0.728969

0.000364	-0.770513

0.000365	-0.809017

0.000366	-0.844328

0.000367	-0.876307

0.000368	-0.904827

0.000369	-0.929776

0.00037	-0.951057

0.000371	-0.968583

0.000372	-0.982287

0.000373	-0.992115

0.000374	-0.998027

0.000375	-1

0.000376	-0.998027

0.000377	-0.992115

0.000378	-0.982287

0.000379	-0.968583

0.00038	-0.951057

0.000381	-0.929776

0.000382	-0.904827

0.000383	-0.876307

0.000384	-0.844328

0.000385	-0.809017

0.000386	-0.770513

0.000387	-0.728969

0.000388	-0.684547

0.000389	-0.637424

0.00039	-0.587785

0.000391	-0.535827

0.000392	-0.481754

0.000393	-0.425779

0.000394	-0.368125

0.000395	-0.309017

0.000396	-0.24869

0.000397	-0.187381

0.000398	-0.125333

0.000399	-0.0627905

0.0004	-4.53243e-15

0.000401	0.0627905

0.000402	0.125333

0.000403	0.187381

0.000404	0.24869

0.000405	0.309017

0.000406	0.368125

0.000407	0.425779

0.000408	0.481754

0.000409	0.535827

0.00041	0.587785

0.000411	0.637424

0.000412	0.684547

0.000413	0.728969

0.000414	0.770513

0.000415	0.809017

0.000416	0.844328

0.000417	0.876307

0.000418	0.904827

0.000419	0.929776

0.00042	0.951057

0.000421	0.968583

0.000422	0.982287

0.000423	0.992115

0.000424	0.998027

0.000425	1

0.000426	0.998027

0.000427	0.992115

0.000428	0.982287

0.000429	0.968583

0.00043	0.951057

0.000431	0.929776

0.000432	0.904827

0.000433	0.876307

0.000434	0.844328

0.000435	0.809017

0.000436	0.770513

0.000437	0.728969

0.000438	0.684547

0.000439	0.637424

0.00044	0.587785

0.000441	0.535827

0.000442	0.481754

0.000443	0.425779

0.000444	0.368125

0.000445	0.309017

0.000446	0.24869

0.000447	0.187381

0.000448	0.125333

0.000449	0.0627905

0.00045	1.10218e-15

0.000451	-0.0627905

0.000452	-0.125333

0.000453	-0.187381

0.000454	-0.24869

0.000455	-0.309017

0.000456	-0.368125

0.000457	-0.425779

0.000458	-0.481754

0.000459	-0.535827

0.00046	-0.587785

0.000461	-0.637424

0.000462	-0.684547

0.000463	-0.728969

0.000464	-0.770513

0.000465	-0.809017

0.000466	-0.844328

0.000467	-0.876307

0.000468	-0.904827

0.000469	-0.929776

0.00047	-0.951057

0.000471	-0.968583

0.000472	-0.982287

0.000473	-0.992115

0.000474	-0.998027

0.000475	-1

0.000476	-0.998027

0.000477	-0.992115

0.000478	-0.982287

0.000479	-0.968583

0.00048	-0.951057

0.000481	-0.929776

0.000482	-0.904827

0.000483	-0.876307

0.000484	-0.844328

0.000485	-0.809017

0.000486	-0.770513

0.000487	-0.728969

0.000488	-0.684547

0.000489	-0.637424

0.00049	-0.587785

0.000491	-0.535827

0.000492	-0.481754

0.000493	-0.425779

0.000494	-0.368125

0.000495	-0.309017

0.000496	-0.24869

0.000497	-0.187381

0.000498	-0.125333

0.000499	-0.0627905

0.0005	-1.22465e-15

