732
834
905
937
927
877
791
678
548
415
291
189
118
86
96
147
233
346
476
609
733
835
905
937
927
877
790
677
547
414
291
189
118
86
96
147
233
347
476
609
733
835
905
937
927
876
790
676
547
414
290
188
118
86
96
147
233
347
477
610
734
835
905
937
927
876
790
676
546
413
290
188
118
86
96
147
234
348
477
610
734
836
906
937
927
876
789
675
546
413
289
188
118
86
97
148
234
348
478
611
734
836
906
937
927
876
789
675
545
412
289
187
117
86
97
148
235
349
478
612
735
836
906
937
927
875
788
675
545
412
288
187
117
86
97
148
235
349
479
612
735
837
906
937
926
875
788
674
544
411
288
186
117
86
97
148
235
350
479
613
736
837
906
937
926
875
788
674
544
410
287
186
117
86
97
149
236
350
480
613
736
837
907
937
926
874
787
673
543
410
287
186
117
86
97
149
236
351
480
614
737
838
907
937
926
874
787
673
543
409
286
185
116
86
97
149
237
351
481
614
737
838
907
937
926
874
786
672
542
409
286
185
116
86
98
150
237
352
482
615
738
838
907
937
926
874
786
672
541
408
286
185
116
86
98
150
238
352
482
615
738
839
907
937
926
873
786
671
541
408
285
184
116
86
98
150
238
352
483
616
738
839
908
937
925
873
785
671
540
407
285
184
116
86
98
150
238
353
483
616
739
839
908
937
925
873
785
670
